SFMT-19937:122-18-1-11-1:dfffffef-ddfecb7f-bffaffff-bffffff6   
32 bit generated randoms
init_gen_rand__________   
3440181298 1564997079 1510669302 2930277156
3796268453 423124208 2143818589 3827219408
2674978610 1536842514 2027035537 2534897563
545368292 1489013321 1370534252 4231012796
1764869045 824597505 862581900 2469764249
359318673 116957936 3367389672 2327178354
3206507879 2378925033 1040214787 2524778605
1417665896 964324147 2282797708 2456269299
2245093271 1015729427 2694465011 3246975184
463679346 3721104591 3475064196 856141236
3522818941 3721533109 1954826617 1282044024
1301863085 2669145051 4221477354 3896016841
462466863 1037679449 1228140306 922298197
1872938061 3102547608 2742766808 1888626088
157593879 1136901695 4038377686 3572517236
2997311961 1189931652 3981543765 2826166703
1721379072 3897926942 1790395498 2569178939
2340259131 3144212906 2301169789 2442885464
3667880593 3935928400 2372805237 1666397115
513866770 3810869743 2147400037 2792078025
3212265810 984692259 346590253 1804179199
750108141 2880257022 243310542 1869036465
2983949551 1931450364 4034505847 2735030199
2539522841 127965585 3992448871 913388237
1202933193 4087643167 2590021067 2256240196
1013913783 1155864921 2715773730 915061862
2322882854 3761119102 1343405684 3078711943
3245156316 3588354584 3484623306 3899621563
3237090058 3880063844 862416318 4039923869
3073590536 701653667 2131530884 3169309950
747196777 3620218225 432016035 1449580595
444224948 1662832057 3184055582 3028331792
1104864179 342430307 1350510923 3024656237
2870772950 290847558 3675663500 508431529
2263569913 1669302976 519511383 2706411211
3883162495 4051445305 2412729798 3299405164
2348767304 2664054906 3763609282 593943581
2075338894 2020550814 4287452920 4290140003
2512716667 2003485045 2307520103 2288472169
4204638664 2892583423 1710068300 3904755993
3038334120 547099465 771105860 3199983734
2298388363 934810218 2837827901 3952500708
3083335297 26885281 3932155283 1531751116
495654159 3279634176 3855562207 3957195338
893375062 1875515536 1327247422 3754140693
1729880440 805571298 448971099 2726757106
2485987104 175337042 3235477922 3882114302
943926109 2762587195 1904195558 3452650564
3893463573 3977583081 2636504348 1110673525
4258854744 980047703 4057175418 3890008292
3141868989 3293216228 1194331837 1254570642
2868313360 2886032750 1110873820 279553524
1104807822 3186961098 315764646 2163680838
3099755655 191957684 3642656737 3317946149
444526410 779157624 1088229627 1092460223
3659877367 368270451 503570716 3000984671
928097709 2914109539 308843566 2816161253
2762679057 3395240989 2928925038 1491465914
3787782576 2894104823 1296880455 1253636503
2291560361 2776790436 1913178042 1584677829
1898406878 688391508 3385234998 845493284
2720472050 222695101 1653320868 2904632120
1080720688 3938032556 387896427 2650839632
1720913794 1047186003 1877048040 2090457659
4172014665 2129713163 2413533132 2760285054
1317737175 2309566414 2228873332 3889671280
3576797776 2074552772 832002644 3097122623
2679603822 1667489885 3237652716 1478413938
2306631119 639727358 3369698270 226902796
1892289957 2201594097 3508197013 3495811856
841660320 3974501451 3360949056 1676829340
2047809627 2390948962 670165943 3412951831
1911595255 2055363086 507170575 418219594
2692088692 4203630654 3540093932 791986533
2526864324 2956616642 1394958700 1983768223
591653646 228432437 1611046598 3007736357
2726180733 2789804360 4263568405 829098158
1123578029 1804276347 997971319 4203797076
2811733626 2343642194 2985262313 1417930827
1967077982 1585223204 1097475516 1903944948
1114142065 1541796065 1718384172 1544076191
3519754455 2866243923 341865437 645498576
1046963033 2493178460 1187604696 1619577821
3255768161 2306666149 1630514044 2377698367
3794467088 1796415981 3657173746 409136296
1297726519 219544855 4270285558 437578827
2258519491 963109892 3982244073 3351535275
1804784013 698059346 3920535147 708331212
785678147 1238376158 1557298846 2037809321
4145155269 1913481602 2763691931 588981080
3717640232 1509206239 662536967 3180523616
2963500837 2253971215 3153642623 1066925709
3034720222 1090798544 2942170004 4036187520
2610990302 2641437026 1837562420 722096247
2102231203 3402389208 3403698140 1312402831
814384596 385649582 1916643285 1924625106
2501170304 4275223366 2841225246 1467663688
2969208552 884750901 102992576 227844301
3502881894 4034693299 1166727018 1697460687
1787161139 1053003655 1215024478 2791616766
1629323443 3233815 2003823032 3083834263
3752392312 1287475550 3770904171 3004244617
918698423 2419857538 3864502062 1751322107
4018728324 983712955 440071928 3710838677
3994702151 22493119 3584400918 3446253670
1405447860 1240245579 1800644159 1661363424
3403623451 67092802 2609352193 3914150340
3610830847 591531412 3880232807 1673505890
1678544474 3148435887 3457217359 1193226330
154025329 121678860 1164915738 973873761
52087970 744015362 498556057 94298882
2383059628 4197367290 3958472990 2592083636
1097742433 3924840517 264557272 2292287003
4047038857 3820609705 2333416067 1839206046
3412254904 583538222 2390557166 4140459427
226777499 2496151295 2207301712 3283683112
1933218215 3315610954 3889441987 3719454256
1313998161 2365383016 3146941060 1801206260
2076248581 1747472464 3254365145 595543130
3758250204 2020768540 2439254210 93368951
2600232980 3709198295 3894900440 2971850836
1443493395 2581621665 3086506297 2443465861
1519367835 249149686 908102264 2588765675
1001330373 3561331654 2259301289 1564977624
727244906 4255738067 1214133513 2570786021
1633861986 1636979509 1438500431 58463278
2297430187 2926781924 3371352948 1864009023
1444292075 437703973 1060414512 189705863
4077357964 884213423 2644986052 3973488374
2331207875 780463700 3713351662 3854611290
2978462572 2176222820 829424696 2790788332
1594611657 3899878394 3032870364 1702887682
14130042 192292500 947227076 90719497
784028434 2142399787 1563449646 2844400217
2883302356 2328055304 1328532246 2603885363
933941291 3627039714 2129697284 2167253953
1412424497 2981395985 1418359660 2925902456
3713667988 3924669405 648975707 1145520213
3805915440 2380542088 2013260958 3262572197
1114540067 3728768081 2396958768 590672271
4263660715 700754408 1042601829 4094111823
2512692617 2774300207 2057306915 3470942453
1142661026 2889931380 14316674 2201179167
448265759 3515142743 3254903683 246633281
2418347830 2092967314 2682072314 2558750234
1544150531 399010405 1513946097 499682937
3045570638 1633669705 851492362 4052801922
635556996 368266356 2385737383 3218202352
349178792 226482567 3102426060 3575998268
3243137071 225500688 1634718593 4283311431
3842802787 811735523 105712518 663434053
2847972595 1196355421 2552150115 4254510614
3430721819 3828705396 3436287905 3441964937
353001539 459496439 3799690868 1293777660
498096339 3398433374 4080378380 2304691596
4134660419 3903444024 3576494993 203682175
2747963611 79749085 2992890370 1240278549
2111331972 2655023449 1683896345 2836027212
2489884874 756853961 2298874501 4013448667
2948306858 4132920035 1283299272 995592228
1027845759 1766942720 3861411826 1446861231
3502263554 1487532194 601502472 4129619129
2050079547 3198903947 3105589778 4066481316
2276901713 365637751 2260718426 1394775634
2690503163 2952737846 1568710462 732623190
1053631832 1432426951 3229149635 1854113985
3204031934 735775531 107468620 3734611984
3083622457 4109580626 159373458 1301970201
1293255004 847182752 4170022737 96712900
1381727755 405608287 4287919625 1703554290
2911403488 2166565 2647306451 2330535117
1165916754 245060911 4040679071 3684908771
2486872773 2318678365 2940627908 1837837240
4270484676 1495388728 3754288477 4204167884
2692224733 3076249689 4109568048 4170955115
4020189950 4261855038 3036907575 3410399885
1046178638 144496770 230725846 3349637149
2809932048 2054581785 3608424964 3259628808
3743067463 257685904 3795656590 1562468719
3120404710 254684547 2653661580 3663904795
1063234347 2609732900 2332080715 3521125233
1935868586 4110970440 296706371 2128666368
1570900197 3096025483 1799882517 1928302007
1244491489 3533770203 567496053 2757924305
2818420107 560404889 2619609724 4176035430
2521842019 3910553502 2926149387 3302078172
330725126 367400677 888239854 545570454
134343617 1102169784 1647463719 3260979784
3631537963 3342671457 1301549147 2083739356
3217959080 652755743 2032187193 3898758414
4037409230 2176407931 3427391950 2883553603
3105265092 3423168427 3387507672 467170288
3723870208 916410914 1293987799 2652584950
3205292896 1561287359 1684510084 3136055621
639683232 2639569327 1218546948 4263586685
2352279820 401870217 2625822463 1529125296
1191285226 4027725437 3432700217 4098835661
2443861173 3881457123 3874386651 457276199
4002809368 421169044 1112642589 3076213779
2499610950 3057240914 1662679783 461224431
   
init_by_array__________   
2920711183 3885745737 3501893680 856470934
277361036 1518638004 2328404353 3355513634
1624587673 3508467182 2481792141 3706480799
2913275699 882658412 384641219 422202002
2006084383 3924929912 1636718106 3108838742
4195470535 779207191 1577721373 1390469554
121399709 3170839019 4044347501 953953814
3085591323 3666535579 3577837737 2012008410
4044408017 433600965 1637785608 1798509764
3081466273 3982393409 2451928325 3437124742
3357389386 2154596123 496568176 2650035164
3438299 2150366101 1577256676 3802546413
4078331588 3706103141 170391138 3806085154
1961637521 3316029766 890610272 1453751581
3051057411 3597003186 542563954 3796490244
3448752238 440702173 347290497 1121336647
280881896 2495136428 213707396 15104824
659000016 566379385 2614030979 2855760170
2315569495 2729518615 564745877 1263517638
1604852056 1011639885 2950579535 2524219188
1528896652 1327861054 2846910138 3966855905
855353911 1685434729 3303978929 1624872055
3164802143 1642802700 1957727869 1792352426
2631577923 3027156164 842334259 3353446843
1742801369 3552852535 3471698828 1653910186
2313782701 3351007196 2129839995 1800682418
1625156629 3669701987 615211810 3294791649
2590843588 3207422808 3275066464 561592872
3396578098 48410678 3505556445 1005764855
2936980473 2378918600 2404449845 1649515163
3705256349 83714199 3586854132 922978446
3523398907 2606864832 2385399361 3171757816
3645837721 1169579486 3666433897 3174689479
3803895110 3346639145 1907224409 1978473712
980754888 1302782359 1765252468 459245755
1512894209 2046491914 207860527 514188684
1597354672 3349636117 2357291114 3995796221
1893326518 3770814016 1691552714 2397527410
776416472 4197661421 951150819 1852770983
1399439738 4194455275 2284037669 1550734958
1865235926 2912129961 2664980877 1357572033
2486728200 2372668724 1567316966 2374111491
20815612 3727008608 3871996229 824061249
3404541726 758428924 2609331364 1223966026
648499352 2180134401 880821170 3781130950
1032413764 4185884695 2490396037 1201932817
4165586898 1629813212 2887821158 415045333
2193466079 3391843445 2227540681 1907099846
1717828221 1372704537 1707549841 2294058813
2052479531 1695809164 3176587306 2632770465
1603220563 644238487 302857763 897352968
1391730149 4245717312 4191828749 1948492526
3992984522 2178852787 3596044509 3445573503
915763564 3415689334 2532153403 3879661562
3111154986 2929478371 668346391 1152241381
3004150659 2135025926 948690501 2799119116
1981197489 4209064138 684318751 3459397845
4022541136 3043635877 492509624 3263466772
921459029 3198857146 705479721 3835966910
576159741 1742849431 594214882 2055294343
449571793 3246390646 3868232151 1479156585
2464815318 3960178104 1784261920 18311476
644609697 424968996 919890700 2986824110
4003562844 1392714305 1757384428 2569030598
3875659880 2933807823 2752536860 2993858466
2770783427 2775406005 2777781742 1931292655
3865853827 2726470545 2668412860 2887008249
3578063323 3242082049 1778193530 27981909
389875677 1043878156 581653903 3830568952
3713523185 2768373359 2526101582 1998618197
3951172488 1098005003 906275699 3446228002
2059306445 132199571 476838790 1868039399
857300945 396345050 2835919916 1782168828
4288137521 819087232 596301494 872823172
805161465 1116186205 2829002754 2352620120
354159268 3601949785 209568138 1352371732
4236871834 1539414078 3558126206 3224857093
3817553440 3301780278 2682696837 3734994768
1477421202 2521315749 1330148125 1261554731
3554756293 4235882678 3254686059 3530579953
3574970923 4057131421 589224178 1000098193
2521852045 2351447494 2284441580 2646685513
3789864960 1190528160 1702536782 1534105589
2726686826 3584544841 2348270128 2145092281
1027832411 3571171153 1287361161 4011474411
2419700818 971242709 1361975763 1096842482
81165449 612438025 3912966678 1356929810
537003843 1282953084 884458241 588930090
2961472450 1219535534 3632251943 268183903
3653903360 3854473319 2259087390 2548293048
2105543911 1764085217 3246183186 482438805
2628314765 2466219854 717546004 2322237039
1544049923 1797944973 3398652364 3111909456
2277491072 1056355088 3181001278 129695079
1764438564 3797785470 195503713 3266519725
1961527818 3400226523 3777903038 2597274307
4094406648 2171410785 1781151386 1378577117
3424024173 3385813322 679385799 479380913
3096225905 276813409 3854398070 2721105350
3276280337 2628301522 3984868494 1466099834
1412672743 820330404 3491501010 942735832
3972652090 679881088 40577009 3705286397
3566262429 663396513 3777887429 4016670678
1142712925 1140173408 2913248352 2872321286
3175196073 3162557581 2878996619 75498548
3284664959 1157523805 112847376 207855609
1222578451 157107174 901174378 3883717063
1767889440 4264698824 1582999313 884471997
3756370771 2457213553 3565776881 3709583214
460833524 1091049576 85522880 2553251
2429882442 2562084610 1386507633 4112471229
1981516006 2418435617 3054872091 4251511224
1916911512 2454491136 3938440891 3825869115
3463052265 802340101 1912886800 4031997367
1596096923 610150600 431464457 2541325046
739704936 2862696430 3037903166 1129749694
1228993498 510075548 3424962587 2458689681
4233309125 1608196251 3419476016 1858543939
3317854285 631986188 3008214764 613826412
3512343882 1552467474 3316162670 1275841024
565267881 768644821 198310105 2396688616
203429334 854539004 4235811518 3338304926
3852254981 3032046452 2329811860 2303590566
3894665932 145835667 249563655 1932210840
3312636759 214962629 2092026914 3020145527
2739105705 1308336752 855104522 2391715321
547989482 854411802 3608633740 431731530
3888005760 696099141 397343236 1864511780
1729526891 1993398655 2010173426 2591546756
1503900299 4217765081 2185635252 1122436015
681707194 3260479338 933579397 2983029282
2667410393 2962684490 4139721708 2658172284
2607631612 1344296217 3075398709 2949785295
3917185129 2155660174 3280524475 1503827867
1918468193 3843983676 634358221 2538335643
3368723763 2129144130 3203528633 3087174986
2516284287 24437745 1118381474 2816314867
4281989654 217287825 165872888 2628995722
2721669106 872340568 3429930655 3309047304
3270160355 1348884255 1634797670 881214967
174613027 1103974314 1625224232 2678368291
3853082619 4073196549 1189620777 637238656
4042750792 3842136042 2417007212 2524907510
1282059441 3764588774 1394459615 2323620015
3307479609 3849322257 3507445699 4247696636
967665141 1095244571 1319812152 407678762
2170766134 3663594275 4039329364 2512175520
2249807004 3312617979 2414634172 1278482215
1573063308 1196429124 3873264116 2400067801
226175489 2961367263 1968719665 42656370
561600615 2422453992 3082197735 1636700484
3125350482 3478021514 2227819446 1540868045
1087362407 3625200291 361937537 580441897
2270875402 1009161260 2502355842 4278769785
1057239083 1905829039 1483781177 2080011417
1806991954 2194674403 3455972205 807207678
674112918 195425752 3917890095 1874364234
3663478166 1548892014 2570748714 2049929836
697543767 3499545023 3342496315 1725251190
2905606616 1580182447 3934525927 4103172792
1534795737 3308667416 2841911405 3943182730
3494770452 3332626671 55327267 478030603
3419529010 1604767823 3513468014 570668510
2283967995 695159462 3825542932 4150698144
202895590 1609122645 1267651008 2910315509
2477423819 3932081579 900879979 2145588390
580819444 1864996828 2526325979 1019124258
2765933989 1277301341 3006021786 855540956
1919594237 2331223864 177452412 2475870369
865194284 253432152 2628531804 2861208555
1653952120 1039661024 2159959078 3709040440
2596878672 2041442161 31164696 2662962485
1678115244 2699839832 3651968520 3521595541
2423096824 21831741 380011703 2498168716
1673574843 4188794405 2520563651 2632279153
4171949898 3886039621 1661344005 3424285243
2500984144 2993248497 3590193895 1535327365
131633450 3729760261 1613045101 3254194278
1493590689 244148718 2991472662 1401629333
2501401703 4285518317 3794656178 955526526
3970298374 736025417 2737370764 1271509744
136141826 1596189518 923399175 257541519
2194358432 2518162991 1379893637 2667767062
1821712620 3923161384 1947811444 2392527197
1423694998 4156576871 1382885582 3420127279
2994377493 4038063986 1918458672 2983166794
353294540 1609232588 243926648 2332803291
2392838793 4075145196 2060984340 4287475136
2491531140 4159725633 2272075455 759298618
838356250 1416268324 674476934 90795364
3660399588 4196417251 3249270244 3774530247
3683164208 19392575 1463123697 1882205379
2553160622 2933904694 675638239 2851336944
2448730183 804436302 2119845972 322560608
2987802540 641492617 2575442710 4217822703
2836418300 3739921620 2138378768 2879771855
3121097946 2603440486 2560820391 1012930944
584489368 3431165766 897384869 2062537737
3742362450 2951174585 4204621084 1109373893
2750138839 3518055702 733072558 4169325400
