3440181298 1564997079 1510669302 2930277156
3796268453 423124208 2143818589 3827219408
2674978610 1536842514 2027035537 2534897563
545368292 1489013321 1370534252 4231012796
1764869045 824597505 862581900 2469764249
359318673 116957936 3367389672 2327178354
3206507879 2378925033 1040214787 2524778605
1417665896 964324147 2282797708 2456269299
2245093271 1015729427 2694465011 3246975184
463679346 3721104591 3475064196 856141236
3522818941 3721533109 1954826617 1282044024
1301863085 2669145051 4221477354 3896016841
462466863 1037679449 1228140306 922298197
1872938061 3102547608 2742766808 1888626088
157593879 1136901695 4038377686 3572517236
2997311961 1189931652 3981543765 2826166703
