1721379072 3897926942 1790395498 2569178939
2340259131 3144212906 2301169789 2442885464
3667880593 3935928400 2372805237 1666397115
513866770 3810869743 2147400037 2792078025
3212265810 984692259 346590253 1804179199
750108141 2880257022 243310542 1869036465
2983949551 1931450364 4034505847 2735030199
2539522841 127965585 3992448871 913388237
1202933193 4087643167 2590021067 2256240196
1013913783 1155864921 2715773730 915061862
2322882854 3761119102 1343405684 3078711943
3245156316 3588354584 3484623306 3899621563
3237090058 3880063844 862416318 4039923869
3073590536 701653667 2131530884 3169309950
747196777 3620218225 432016035 1449580595
444224948 1662832057 3184055582 3028331792
